arrow
-167.26 -2.58
-163.63 -2.58
-160.01 -2.58
-156.39 -2.58
-152.76 -2.58
-149.14 -2.58
-145.51 -2.58
-141.89 -2.58
-138.26 -2.58
-134.64 -2.58
-131.01 -2.58
-127.39 -2.58
-123.76 -2.58
-120.14 -2.58
-116.51 -2.58
-112.89 -2.58
-109.27 -2.58
-105.64 -2.58
-102.02 -2.58
-98.39 -2.58
-94.77 -2.58
-91.14 -2.58
-87.52 -2.58
-83.89 -2.58
-80.27 -2.58
-76.64 -2.58
-73.02 -2.58
-69.39 -2.58
-65.77 -2.58
-62.15 -2.58
-58.52 -2.58
-54.90 -2.58
-51.27 -2.58
-47.65 -2.58
-44.02 -2.58
-40.40 -2.58
-36.77 -2.58
-33.15 -2.58
-29.52 -2.58
-25.90 -2.58
-22.27 -2.58
-18.65 -2.58
-15.03 -2.58
-11.40 -2.58
-7.78 -2.58
-4.15 -2.58
-0.53 -2.58
3.10 -2.58
6.65 -0.93
10.15 1.88
13.77 1.88
17.29 5.08
20.87 6.34
24.50 6.34
28.12 6.34
31.65 9.34
35.22 10.81
38.85 10.81
42.37 13.05
45.90 15.27
49.52 15.27
53.15 15.27
56.77 15.27
60.40 15.27
64.02 15.27
67.65 15.27
71.27 15.27
74.90 15.27
78.00 14.48
76.29 3.75
73.37 -4.04
70.10 -9.54
66.95 -15.76
64.05 -23.75
60.86 -30.00
57.74 -36.68
54.84 -44.67
51.52 -49.42
48.08 -53.46
44.84 -59.42
41.78 -66.52
38.63 -73.06
35.36 -78.48
31.99 -81.58
28.92 -88.66
25.50 -91.87
22.36 -96.16
19.26 -100.80
21.17 -96.08
23.80 -87.07
27.24 -82.83
30.42 -76.49
33.46 -69.30
36.90 -65.09
40.34 -60.87
42.95 -51.77
46.38 -47.52
49.82 -43.31
52.89 -36.33
56.31 -33.83
59.56 -27.93
62.80 -21.98
66.17 -18.02
69.16 -11.51
72.24 -6.68
75.40 -2.58
78.08 5.83
81.64 6.34
82.74 16.50
80.18 25.92
77.61 35.33
74.54 42.15
71.94 51.36
68.77 57.76
65.73 65.00
63.06 73.06
60.23 77.77
57.24 83.41
54.23 90.57
51.03 96.74
48.01 104.13
44.71 107.11
41.93 115.41
39.07 123.35
36.38 131.98
33.10 136.89
30.80 144.74
28.39 149.20
