Circle
3.59 -116.20
-2.85 -116.20
-9.30 -116.20
-15.74 -116.20
-22.19 -116.20
-28.63 -116.20
-35.07 -116.20
-41.35 -114.73
-47.70 -113.79
-53.90 -112.47
-59.86 -110.19
-65.82 -108.30
-71.25 -104.82
-76.41 -101.01
-81.74 -97.35
-85.97 -92.60
-91.34 -88.96
-95.87 -84.33
-99.89 -79.24
-103.07 -73.77
-107.39 -69.18
-110.80 -64.05
-114.22 -58.74
-117.56 -53.13
-119.75 -47.22
-121.67 -41.15
-123.23 -34.90
-124.90 -28.61
-126.13 -22.25
-126.13 -15.68
-126.13 -9.11
-126.13 -2.54
-126.13 4.03
-125.94 10.56
-124.65 16.92
-122.88 23.23
-120.57 29.31
-117.68 35.14
-115.28 41.23
-112.60 47.20
-110.98 53.52
-108.31 59.46
-104.66 64.83
-102.43 70.98
-99.67 76.90
-97.07 82.81
-93.00 87.38
-90.23 92.89
-86.08 97.69
-81.15 101.86
-76.44 106.32
-71.57 110.60
-65.86 113.45
-60.57 117.21
-54.84 119.38
-49.14 122.09
-43.11 124.10
-37.24 126.59
-30.91 127.29
-24.55 127.85
-18.29 128.99
-11.85 128.99
-5.40 128.99
1.04 128.99
7.49 128.99
13.84 128.11
20.26 127.79
26.55 126.48
32.88 125.39
39.21 124.43
45.53 123.56
51.59 121.36
57.58 119.38
62.75 115.71
68.16 112.46
73.64 109.04
78.79 105.23
83.84 101.28
88.40 96.64
92.19 91.43
96.14 86.34
99.68 80.95
102.83 75.23
105.64 69.36
108.98 63.95
111.56 57.95
114.09 51.93
117.07 46.18
118.08 39.74
120.12 33.51
122.27 27.36
122.70 20.84
123.46 14.46
123.87 7.99
123.87 1.42
123.87 -5.15
123.87 -11.72
123.87 -18.28
123.87 -24.85
123.87 -31.42
121.80 -37.49
120.34 -43.71
117.41 -49.47
114.93 -55.11
112.14 -60.80
109.13 -66.32
105.38 -70.96
101.88 -76.12
98.15 -81.11
93.39 -85.46
88.55 -89.70
84.16 -93.77
78.90 -97.48
73.43 -100.57
68.57 -103.52
62.94 -106.45
56.79 -107.78
50.90 -110.19
45.19 -112.43
40.15 -114.69
34.00 -115.00
28.05 -116.20
22.09 -117.40
15.65 -117.40
9.40 -118.60
3.23 -119.80
-3.21 -119.80
-9.38 -121.01
