curlybracket
72.33 124.48
63.27 124.48
54.22 124.48
45.16 124.48
36.10 124.48
27.05 124.48
18.19 124.21
9.99 122.99
1.40 122.08
-7.23 121.43
-14.70 119.86
-22.78 118.95
-30.38 117.43
-37.44 116.17
-42.63 114.17
-47.77 112.15
-52.67 109.85
-56.70 107.49
-57.92 104.76
-63.01 102.41
-64.77 99.65
-64.77 96.75
-64.77 93.86
-64.77 90.96
-64.77 88.07
-64.77 85.18
-60.73 83.57
-58.95 80.81
-53.85 78.46
-49.36 75.97
-48.64 73.14
-45.53 70.65
-41.14 68.14
-40.57 65.29
-38.45 62.56
-33.16 60.25
-32.45 57.45
-28.48 55.08
-28.48 52.19
-26.05 49.48
-23.81 46.75
-20.41 44.12
-20.41 41.22
-20.41 38.33
-16.38 35.97
-12.35 33.61
-12.35 30.71
-12.35 27.82
-12.35 24.92
-12.35 22.03
-14.48 19.42
-16.38 16.77
-21.59 14.57
-27.99 12.52
-32.22 9.97
-38.46 7.89
-44.61 6.56
-50.77 5.24
-58.36 4.11
-66.43 3.35
-75.49 3.35
-80.90 4.51
-76.86 6.12
-71.23 7.21
-62.17 7.21
-53.12 7.21
-44.06 7.21
-36.64 5.95
-32.55 3.37
-28.48 1.02
-25.47 -1.48
-24.44 -4.24
-20.41 -6.60
-20.41 -9.49
-16.38 -11.85
-13.41 -14.36
-12.35 -17.11
-12.35 -20.00
-11.88 -22.87
-9.02 -25.62
-8.32 -28.48
-6.62 -31.24
-4.28 -33.96
-0.87 -36.40
-0.25 -39.22
-0.25 -42.11
3.92 -44.46
6.78 -47.21
11.85 -49.52
11.85 -52.41
11.85 -55.31
11.85 -58.20
14.72 -60.71
15.88 -63.46
17.83 -66.20
19.91 -68.94
19.91 -71.83
19.91 -74.73
19.91 -77.62
21.85 -80.37
23.94 -83.11
26.35 -85.82
27.97 -88.59
29.04 -91.41
32.01 -94.08
32.01 -96.97
32.01 -99.86
35.82 -102.25
40.07 -104.59
42.93 -107.10
48.14 -109.31
52.17 -111.67
57.57 -113.50
62.06 -115.50
68.30 -117.16
74.65 -118.80
79.48 -120.36
86.26 -121.54
91.39 -123.88
99.99 -124.23
108.92 -124.33
116.44 -125.52
125.49 -125.52
134.55 -125.52
143.60 -125.52
152.66 -125.52
161.72 -125.52
169.10 -124.23
