Pentagon
19.58 125.46
24.34 121.67
29.20 118.29
34.45 115.47
39.45 112.03
44.46 108.68
49.81 106.08
54.66 102.37
59.76 99.14
64.91 96.02
70.06 92.90
75.21 89.78
80.36 86.66
84.65 82.10
89.38 78.28
93.65 73.69
98.80 70.57
103.09 66.00
107.70 61.98
111.77 57.04
116.02 52.62
120.15 50.66
119.76 44.11
117.51 38.02
116.39 31.36
113.82 25.12
111.24 18.88
109.22 12.37
107.40 5.75
105.10 -0.63
102.70 -6.91
100.23 -13.10
98.41 -19.64
95.52 -25.63
93.45 -32.12
91.05 -38.41
89.16 -44.49
87.80 -51.08
84.86 -56.87
83.02 -63.32
81.31 -69.45
79.68 -75.97
79.68 -82.94
78.06 -89.10
78.06 -96.08
76.43 -102.59
74.58 -108.93
69.18 -110.76
63.42 -110.76
57.67 -110.76
51.91 -110.76
46.19 -111.07
40.60 -112.73
34.84 -112.73
29.18 -113.45
23.59 -114.70
17.83 -114.70
12.08 -114.70
6.50 -116.05
0.83 -116.67
-4.93 -116.67
-10.69 -116.67
-16.44 -116.67
-22.20 -116.67
-27.96 -116.67
-33.71 -116.67
-39.09 -118.64
-44.84 -118.64
-50.60 -118.64
-53.11 -114.70
-55.13 -110.18
-57.69 -104.14
-61.00 -98.51
-64.70 -93.26
-69.37 -89.34
-71.62 -84.04
-75.03 -78.77
-78.65 -73.44
-82.75 -69.14
-83.53 -62.56
-87.60 -57.63
-90.18 -51.39
-93.36 -45.67
-95.74 -39.73
-97.81 -33.44
-100.61 -27.52
-102.92 -21.35
-105.11 -15.21
-108.59 -10.73
-112.15 -6.43
-116.65 -2.74
-120.02 1.44
-124.12 6.31
-128.66 9.85
-129.85 16.23
-127.18 21.13
-123.62 24.75
-118.86 28.54
-114.11 32.32
-110.04 37.26
-105.29 41.05
-100.95 45.53
-96.47 49.77
-92.00 53.81
-87.82 57.79
-83.28 61.82
-78.20 64.96
-73.22 68.11
-68.56 72.05
-63.16 74.40
-58.71 78.21
-53.52 81.16
-48.63 84.12
-43.55 86.09
-38.68 89.17
-34.31 93.60
-30.44 96.33
-25.42 98.48
-20.52 101.84
-16.11 105.77
-11.57 109.35
-7.03 112.89
-2.48 116.43
1.26 119.55
4.99 123.52
10.02 125.67
14.56 129.21
19.58 131.36
