question
-134.06 28.32
-134.25 32.48
-136.87 34.84
-137.26 39.02
-139.68 42.58
-139.68 46.89
-139.68 51.19
-139.68 55.50
-138.28 59.56
-134.22 61.65
-132.06 65.22
-127.95 68.26
-123.85 71.30
-119.75 74.35
-115.00 76.23
-110.36 78.32
-105.72 80.40
-100.35 80.72
-97.93 84.28
-92.28 84.57
-86.76 85.44
-81.34 86.65
-76.22 87.88
-70.89 88.73
-65.09 88.73
-59.29 88.73
-53.48 88.73
-48.20 90.36
-42.54 90.82
-36.74 90.82
-30.94 90.82
-25.13 90.82
-19.33 90.82
-13.53 90.82
-7.72 90.82
-1.92 90.82
3.88 90.82
9.69 90.82
15.49 90.82
20.91 89.60
26.43 88.73
31.25 86.96
36.33 84.92
42.01 84.57
46.56 82.17
51.54 80.09
54.13 76.24
59.88 76.14
63.98 73.10
68.80 70.79
72.49 67.76
76.68 65.82
81.59 64.21
85.69 61.17
89.79 58.12
94.07 55.40
96.28 52.73
98.95 49.25
100.34 45.20
101.89 41.17
104.27 37.28
107.51 33.92
107.51 29.61
107.51 25.31
109.41 21.34
110.32 17.19
110.32 12.89
110.32 8.59
110.32 4.28
110.32 -0.02
110.32 -4.33
110.32 -8.63
110.32 -12.93
108.60 -16.71
105.61 -20.35
104.01 -24.28
100.64 -27.71
99.09 -31.74
96.71 -35.63
91.94 -37.87
90.66 -41.59
87.44 -44.90
82.63 -46.68
77.99 -48.77
74.63 -51.70
70.19 -53.53
65.22 -55.02
62.22 -57.10
56.58 -57.38
51.78 -59.18
46.54 -60.96
42.00 -63.35
36.61 -64.64
31.42 -66.57
25.92 -67.52
20.21 -67.68
15.70 -70.31
10.34 -71.68
4.73 -72.30
-0.20 -74.49
-5.25 -75.85
-10.69 -76.98
-15.34 -79.46
-20.33 -81.59
-25.54 -82.87
-30.61 -84.18
-33.41 -86.62
-38.24 -88.35
-42.44 -91.23
-44.55 -94.88
-49.35 -96.68
-51.60 -100.11
-53.71 -103.76
-55.83 -107.42
-58.22 -110.99
-58.22 -115.29
-60.73 -119.15
-61.03 -123.41
-63.84 -125.63
-63.84 -129.93
-63.84 -134.23
-61.67 -137.87
-59.55 -141.53
-58.22 -145.42
-55.32 -148.83
-51.22 -151.88
-49.10 -155.53
-46.98 -159.18
