Rectangle
-113.10 -117.53
-113.10 -108.66
-113.10 -99.79
-113.10 -90.93
-113.10 -82.06
-113.90 -73.27
-114.92 -64.51
-115.98 -55.77
-116.97 -47.00
-117.56 -38.20
-117.97 -29.38
-119.15 -20.67
-119.79 -11.87
-119.79 -3.01
-120.05 5.82
-120.91 14.54
-122.03 23.26
-122.03 32.12
-123.14 40.63
-123.77 48.63
-124.26 56.84
-124.26 65.71
-125.37 73.94
-125.37 82.81
-125.37 91.67
-125.37 100.54
-123.57 107.49
-117.26 108.08
-110.90 109.61
-104.42 109.80
-98.01 111.13
-91.52 111.13
-85.07 112.10
-78.63 113.14
-72.17 114.12
-65.68 114.18
-59.19 114.18
-52.71 114.42
-46.29 115.67
-39.80 115.70
-33.31 115.70
-26.84 116.20
-20.40 117.23
-13.91 117.23
-7.42 117.23
-0.93 117.23
5.57 117.23
12.06 117.23
18.55 117.23
25.04 117.23
31.53 117.23
37.79 119.42
44.22 120.28
50.54 121.80
56.89 123.33
63.38 123.33
69.69 124.85
75.92 126.37
82.16 127.86
88.64 127.90
95.13 127.90
101.36 129.42
107.39 130.95
107.89 122.76
109.00 114.14
109.00 105.27
109.58 96.48
111.03 87.84
111.30 79.07
114.58 72.39
116.69 64.20
118.05 55.76
119.54 47.27
121.07 38.81
121.28 29.99
122.39 21.48
123.51 12.80
124.63 4.18
124.63 -4.68
124.63 -13.55
124.63 -22.42
124.63 -31.28
124.63 -40.15
124.63 -49.02
124.19 -57.74
123.15 -66.19
122.39 -74.63
121.28 -83.13
121.28 -92.00
121.28 -100.87
121.28 -109.73
117.61 -114.48
111.24 -115.49
104.80 -116.00
98.31 -116.00
91.82 -116.00
85.39 -117.06
78.93 -117.53
72.44 -117.53
65.95 -117.53
59.46 -117.63
53.06 -119.05
46.56 -119.05
40.07 -119.05
33.58 -119.05
27.09 -119.05
20.60 -119.05
14.11 -119.05
7.61 -119.05
1.12 -119.05
-5.37 -119.05
-11.79 -118.20
-18.22 -117.53
-24.71 -117.53
-31.20 -117.53
-37.69 -117.53
-44.18 -117.53
-50.67 -117.53
-57.17 -117.53
-63.66 -117.53
-70.15 -117.53
-76.64 -117.53
-83.13 -117.53
-89.36 -119.05
-95.85 -119.05
-102.35 -119.05
-108.84 -119.05
-115.33 -119.05
