Star
19.43 119.33
15.83 109.46
11.74 99.88
7.85 90.14
1.93 81.74
-3.50 72.94
-8.38 63.74
-13.75 54.90
-19.22 46.12
-24.43 37.20
-30.13 28.61
-34.86 19.35
-40.30 10.56
-45.19 1.36
-51.13 -6.92
-56.18 -15.99
-61.74 -24.68
-67.37 -33.29
-71.50 -42.77
-76.21 -51.30
-79.17 -61.06
-82.99 -70.46
-87.01 -79.55
-89.84 -88.96
-85.14 -88.99
-76.24 -85.26
-67.03 -83.61
-58.29 -79.43
-49.15 -76.48
-40.25 -72.75
-31.35 -68.98
-22.41 -65.36
-13.40 -61.97
-4.39 -58.57
4.33 -54.39
12.69 -49.30
21.02 -44.16
29.43 -39.17
37.76 -34.04
46.47 -29.78
54.85 -24.73
63.40 -20.21
72.31 -16.50
81.13 -12.51
89.65 -7.78
98.15 -2.98
106.83 1.28
114.89 5.89
123.52 9.23
131.66 13.62
139.39 19.15
138.34 26.31
130.36 31.12
120.94 32.31
111.57 34.08
102.28 36.26
93.22 39.41
83.85 41.17
74.53 43.22
65.20 45.22
56.02 47.87
46.60 48.76
37.28 50.37
27.95 51.97
18.79 53.57
9.52 55.18
0.14 56.03
-9.09 57.90
-18.52 58.38
-27.78 59.99
-36.99 61.40
-46.45 61.59
-55.72 63.20
-64.88 64.80
-74.38 64.80
-83.29 66.40
-91.93 68.75
-101.11 69.61
-110.61 69.61
-107.33 61.59
-101.23 55.20
-95.33 46.95
-88.87 39.47
-82.09 31.98
-75.63 24.62
-70.64 15.83
-65.60 6.87
-59.56 -1.32
-54.03 -9.35
-47.31 -16.94
-41.42 -25.20
-35.92 -33.83
-29.59 -41.78
-22.98 -49.45
-17.68 -58.20
-12.20 -66.82
-7.62 -76.03
-1.04 -83.33
5.41 -91.16
11.00 -98.88
17.12 -105.80
23.25 -112.73
28.97 -120.79
32.20 -129.07
33.62 -119.08
33.62 -108.35
33.62 -97.61
33.62 -86.88
33.62 -76.14
33.62 -65.41
32.20 -55.05
30.78 -44.58
29.36 -34.04
29.36 -23.31
27.94 -13.24
26.02 -3.02
24.54 7.37
22.27 17.57
22.27 28.30
20.85 38.37
20.85 49.11
19.43 59.18
19.43 69.91
18.01 79.98
18.01 90.72
16.59 100.79
15.17 110.86
13.75 120.93
