triangle
-4.37 156.56
-1.50 150.81
0.90 144.41
4.54 138.97
7.25 132.66
10.97 127.24
14.47 121.58
18.15 116.11
21.69 110.49
25.68 105.36
28.02 98.99
32.55 94.72
36.53 89.60
40.52 84.47
44.50 79.34
48.48 74.21
51.87 68.46
55.68 63.15
59.60 57.96
62.50 51.74
65.69 45.78
69.31 40.24
73.29 35.12
77.28 29.99
81.26 24.86
85.06 19.54
87.98 13.35
91.52 7.81
94.81 2.05
98.08 -3.74
101.21 -9.63
104.75 -14.32
107.94 -20.18
111.91 -25.32
115.09 -31.20
118.26 -37.07
121.44 -42.95
124.44 -48.60
128.42 -53.73
129.14 -57.73
124.08 -59.51
118.78 -61.30
113.47 -63.08
107.84 -63.08
102.29 -63.73
96.89 -65.75
91.34 -66.66
86.00 -68.94
80.53 -70.23
74.90 -70.23
69.59 -72.01
64.21 -73.39
58.88 -75.58
53.25 -75.58
47.62 -75.58
42.05 -76.26
36.52 -77.37
30.89 -77.37
25.49 -79.16
19.85 -79.16
14.45 -80.94
8.82 -80.94
3.26 -81.38
-2.12 -82.73
-7.75 -82.73
-13.38 -82.73
-19.02 -82.73
-24.53 -83.64
-30.06 -84.51
-35.69 -84.51
-41.22 -85.03
-46.62 -86.30
-52.26 -86.30
-57.56 -88.08
-63.19 -88.08
-68.82 -88.08
-74.46 -88.08
-80.00 -88.56
-85.39 -89.87
-91.02 -89.87
-96.66 -89.87
-102.20 -90.36
-107.59 -91.66
-113.22 -91.66
-118.86 -91.66
-120.86 -86.99
-119.47 -80.47
-117.41 -73.85
-114.82 -67.81
-111.98 -61.63
-108.47 -56.06
-105.29 -50.18
-102.27 -44.15
-99.32 -37.98
-95.79 -32.44
-92.02 -27.55
-90.33 -21.08
-87.04 -15.26
-84.12 -9.08
-79.94 -4.58
-77.27 1.74
-74.26 7.64
-70.72 13.23
-68.03 19.22
-64.86 25.10
-62.62 31.47
-59.86 37.77
-57.07 44.05
-54.30 49.10
-51.50 54.87
-50.14 61.83
-47.36 67.92
-44.81 74.13
-43.20 80.85
-40.43 86.94
-38.40 93.10
-36.27 99.22
-33.67 104.32
-30.60 110.29
-27.95 116.45
-25.97 121.60
-22.14 126.87
-19.63 133.04
-16.79 138.78
-14.08 143.54
-10.96 148.08
-7.91 152.80
-4.37 158.34
