Triangle
12.03 -147.57
9.25 -141.70
5.12 -137.18
2.47 -131.35
-1.43 -126.28
-4.99 -120.82
-8.92 -115.71
-13.01 -110.76
-16.57 -105.26
-20.24 -99.87
-23.94 -94.51
-28.14 -89.65
-32.28 -84.74
-35.56 -79.02
-38.84 -73.29
-41.88 -67.40
-45.46 -61.99
-49.32 -56.83
-52.37 -50.93
-56.20 -45.75
-60.25 -40.76
-63.30 -34.87
-67.23 -29.90
-71.80 -25.58
-75.36 -20.08
-79.97 -15.87
-83.95 -10.87
-87.65 -5.50
-90.30 0.65
-94.71 4.99
-96.93 11.02
-100.13 16.53
-103.60 21.99
-106.79 27.77
-110.86 32.75
-114.35 38.11
-117.22 43.91
-121.01 49.11
-123.50 54.98
-125.45 60.76
-128.49 64.11
-131.76 68.64
-128.84 72.13
-122.91 72.13
-116.99 72.14
-111.17 73.49
-105.29 74.02
-99.36 74.02
-93.44 74.02
-87.51 74.02
-81.60 74.42
-75.72 75.27
-69.83 76.08
-63.94 76.77
-58.04 77.45
-52.15 78.22
-46.26 79.07
-40.38 79.88
-34.48 80.56
-28.58 81.24
-22.67 81.60
-16.74 81.60
-10.85 81.97
-5.03 83.32
0.78 84.67
6.63 85.78
12.51 86.64
18.40 87.28
24.33 87.28
30.26 87.28
36.18 87.28
42.09 87.66
47.96 88.63
53.85 89.17
59.78 89.17
65.71 89.17
71.63 89.17
77.56 89.17
83.49 89.17
89.42 89.17
95.35 89.17
101.27 89.17
107.20 89.17
113.13 89.17
118.24 88.23
118.24 81.36
117.69 74.64
115.04 68.49
112.91 62.15
109.61 56.71
107.82 50.22
104.66 44.42
102.01 38.28
97.87 33.37
95.52 27.20
94.04 20.54
91.16 14.62
88.45 8.52
86.25 2.14
83.30 -3.78
80.01 -9.50
78.02 -15.88
75.54 -22.01
72.61 -27.97
70.22 -34.24
67.27 -39.99
64.19 -45.75
62.16 -52.20
59.51 -58.34
56.86 -64.49
54.52 -70.38
52.55 -76.38
51.25 -82.89
47.23 -87.83
46.35 -94.28
43.20 -99.95
41.44 -106.34
38.18 -110.87
36.35 -116.43
33.27 -121.83
30.72 -127.81
27.24 -133.08
24.25 -138.19
20.03 -142.08
17.98 -147.57
14.36 -151.36
12.28 -156.75
8.76 -160.83
