circle
5.16 113.13
10.96 115.56
17.37 116.26
23.94 116.26
30.50 116.26
36.48 114.69
42.46 113.13
48.72 111.70
54.67 110.01
60.32 106.88
66.25 105.12
71.83 101.88
77.47 98.76
82.98 95.94
88.00 91.81
92.23 87.12
96.59 83.44
100.13 79.35
104.41 75.22
108.05 69.62
111.10 64.67
112.93 59.08
115.33 52.73
116.75 46.11
118.16 39.50
119.57 32.88
120.98 27.18
122.40 20.57
122.40 13.31
122.40 6.04
122.40 -1.22
122.40 -8.48
122.40 -15.74
121.27 -22.49
120.98 -29.62
119.57 -36.23
118.16 -42.85
116.27 -48.33
113.92 -53.60
111.39 -59.98
109.33 -65.38
106.62 -71.24
102.63 -75.92
99.80 -81.25
96.75 -87.11
92.70 -91.60
87.87 -96.24
84.00 -101.22
79.53 -104.61
75.34 -108.74
69.59 -110.91
64.02 -113.69
59.15 -116.56
53.17 -118.13
47.77 -121.24
41.54 -122.81
35.78 -125.40
29.33 -125.93
23.10 -127.49
16.83 -128.86
10.31 -129.06
3.74 -129.06
-2.82 -129.06
-9.39 -129.06
-15.95 -129.06
-21.93 -127.49
-28.16 -125.93
-34.02 -123.79
-40.27 -122.54
-45.77 -119.68
-51.75 -118.12
-56.61 -115.20
-61.96 -111.87
-65.80 -106.80
-70.75 -102.49
-74.03 -97.59
-78.22 -92.31
-82.41 -89.11
-87.19 -85.31
-91.76 -82.18
-96.32 -79.06
-100.77 -74.60
-105.01 -70.20
-109.24 -65.79
-112.37 -59.97
-116.02 -54.38
-119.13 -48.54
-121.31 -42.27
-123.37 -35.96
-124.78 -29.34
-126.19 -22.45
-126.19 -15.19
-127.60 -8.30
-127.60 -1.03
-127.60 6.23
-126.19 12.84
-125.54 19.38
-123.45 25.46
-122.85 32.46
-120.54 37.75
-119.13 44.36
-117.40 50.63
-114.26 56.02
-111.62 62.07
-107.97 67.66
-104.15 73.45
-100.77 79.16
-96.87 84.64
-92.63 89.32
-87.58 93.35
-83.44 97.72
-77.94 101.54
-72.15 103.96
-66.46 106.88
-61.59 109.80
-55.42 111.65
-50.59 114.69
-44.61 116.26
-39.52 118.10
-33.23 119.38
-27.32 120.11
-21.51 120.94
-14.95 120.94
-8.38 120.94
-1.82 120.94
4.75 120.94
11.31 120.94
17.88 120.94
