letterA
-59.07 125.22
-54.51 129.89
-49.00 130.84
-43.54 133.65
-37.84 134.02
-32.34 136.46
-26.60 136.46
-20.97 138.28
-15.29 139.27
-9.55 139.27
-3.81 139.27
1.93 139.27
7.67 139.27
13.41 139.27
19.16 139.27
24.79 137.60
30.23 134.84
35.38 130.67
40.71 127.17
45.79 122.90
50.62 117.82
55.54 112.98
60.19 107.48
64.67 101.60
69.15 95.71
73.64 89.83
77.78 83.32
81.84 76.66
85.56 69.52
89.15 62.16
93.11 55.36
97.12 48.63
100.71 41.28
104.22 33.83
107.40 26.00
110.54 18.12
112.67 9.38
114.81 0.64
116.94 -8.11
118.46 -17.17
119.85 -26.31
121.14 -35.48
122.27 -44.72
122.44 -54.10
122.44 -63.52
120.97 -72.21
117.79 -80.04
114.61 -87.88
110.96 -94.87
105.65 -98.38
100.13 -100.92
94.61 -103.48
89.03 -105.12
83.29 -105.12
77.55 -105.12
71.82 -104.85
66.16 -103.31
60.55 -101.39
55.03 -98.80
49.56 -96.01
44.28 -92.30
39.00 -88.59
33.86 -84.42
28.72 -80.21
23.53 -76.22
18.15 -72.91
12.78 -69.61
7.57 -65.67
2.44 -61.46
-2.70 -57.26
-7.98 -53.55
-13.25 -49.84
-18.15 -44.99
-22.93 -39.77
-27.70 -34.54
-32.48 -29.32
-37.12 -23.80
-41.61 -17.92
-45.53 -11.14
-49.03 -3.70
-53.62 1.95
-56.66 9.44
-59.86 16.97
-62.49 25.10
-63.35 33.93
-66.86 41.24
-69.43 49.66
-72.54 57.44
-76.07 63.42
-77.74 71.59
-79.60 80.24
-81.33 83.30
-79.59 74.56
-77.68 65.70
-74.50 57.86
-71.32 50.03
-68.34 41.97
-65.39 33.90
-62.44 25.82
-60.28 17.24
-59.16 8.00
-56.71 -0.48
-54.14 -8.91
-52.65 -17.98
-51.57 -27.22
-50.62 -36.51
-50.50 -45.91
-50.50 -55.33
-50.50 -64.75
-50.50 -74.16
-50.50 -83.58
-51.80 -92.50
-55.61 -99.45
-58.67 -107.28
-63.74 -109.97
-69.28 -110.73
-75.02 -110.73
-80.53 -108.36
-85.71 -104.33
-90.66 -99.59
-95.68 -95.14
-101.01 -91.64
-105.87 -86.70
-110.92 -82.24
-116.06 -78.03
-119.71 -71.06
-124.13 -65.62
-127.56 -60.17
