rectangle
115.01 122.26
108.28 120.93
101.28 120.93
94.30 120.69
87.37 119.61
80.37 119.61
73.38 119.61
66.38 119.61
59.38 119.61
52.39 119.61
45.39 119.61
38.39 119.61
31.40 119.61
24.40 119.61
17.40 119.61
10.40 119.61
3.41 119.61
-3.55 119.13
-10.47 118.29
-17.47 118.29
-24.36 116.96
-31.35 116.96
-38.35 116.96
-45.35 116.96
-52.35 116.96
-59.33 116.91
-66.16 115.64
-73.15 115.64
-79.68 114.32
-86.41 113.00
-93.41 113.00
-100.40 113.00
-107.40 113.00
-114.13 111.67
-120.86 110.35
-124.81 105.77
-125.94 97.90
-127.46 89.99
-128.20 81.92
-128.20 73.73
-128.20 65.55
-128.20 57.37
-128.20 49.19
-128.00 41.02
-127.13 32.90
-125.29 25.02
-123.94 17.00
-121.98 9.17
-120.39 1.21
-118.99 -6.81
-118.02 -14.85
-116.97 -22.88
-116.89 -31.05
-115.43 -38.95
-114.63 -46.98
-113.50 -54.85
-112.36 -62.82
-112.36 -71.00
-111.23 -78.87
-111.23 -87.05
-111.23 -95.23
-111.23 -103.41
-111.23 -111.60
-111.23 -119.78
-112.36 -127.41
-105.65 -127.74
-98.65 -127.74
-91.66 -127.74
-84.66 -127.74
-77.66 -127.74
-70.76 -126.83
-63.81 -126.42
-56.81 -126.42
-49.86 -125.62
-42.94 -124.46
-35.98 -123.78
-29.02 -123.33
-22.12 -122.00
-15.19 -120.89
-8.29 -119.81
-1.32 -119.33
5.56 -117.89
12.50 -117.16
19.49 -117.16
26.43 -116.45
33.38 -115.84
40.24 -114.55
47.23 -114.52
54.23 -114.52
61.23 -114.52
68.22 -114.52
75.22 -114.52
82.22 -114.52
89.21 -114.52
96.21 -114.52
103.21 -114.52
110.20 -114.52
117.20 -114.52
121.80 -111.71
121.80 -103.53
121.80 -95.35
120.67 -87.38
119.65 -79.35
119.54 -71.18
118.73 -63.12
118.41 -54.98
118.41 -46.80
118.41 -38.62
118.41 -30.43
118.41 -22.25
118.41 -14.07
118.41 -5.89
118.41 2.29
119.54 10.26
119.54 18.44
119.54 26.62
119.54 34.80
119.54 42.99
118.41 50.62
117.27 58.25
115.82 66.13
113.79 73.52
112.69 81.39
110.49 88.97
109.36 96.94
109.36 105.12
108.22 112.75
108.22 120.93
