squarebracket
172.12 130.75
163.39 130.75
154.66 130.75
145.92 130.75
137.19 130.75
128.45 130.75
119.72 130.75
110.99 130.75
102.37 130.40
93.90 129.62
85.21 129.47
76.48 129.47
67.93 129.04
59.57 128.19
50.84 128.19
42.11 128.19
33.37 128.19
24.64 128.19
15.90 128.19
7.17 128.19
-1.56 128.19
-10.30 128.19
-18.85 128.12
-18.85 124.89
-18.85 121.67
-17.09 118.55
-15.38 115.43
-15.38 112.20
-15.38 108.98
-15.38 105.75
-15.38 102.53
-15.38 99.30
-15.38 96.08
-15.38 92.85
-18.60 89.91
-18.85 86.71
-18.85 83.48
-18.85 80.26
-18.85 77.03
-18.85 73.81
-18.85 70.58
-18.85 67.36
-18.85 64.13
-18.85 60.91
-18.85 57.68
-18.85 54.46
-18.85 51.23
-18.85 48.01
-18.85 44.78
-21.29 41.77
-22.32 38.64
-22.32 35.41
-24.48 32.52
-25.79 29.49
-26.34 26.30
-29.10 23.24
-29.26 20.03
-29.26 16.80
-29.26 13.58
-29.26 10.35
-32.74 7.43
-32.74 4.20
-34.63 1.14
-36.21 -1.94
-36.21 -5.17
-36.21 -8.39
-36.21 -11.62
-36.21 -14.84
-39.44 -17.79
-39.68 -20.99
-39.68 -24.22
-41.21 -27.35
-43.15 -30.46
-44.53 -33.60
-46.63 -36.70
-46.63 -39.92
-46.63 -43.15
-46.63 -46.37
-46.63 -49.60
-46.63 -52.82
-46.63 -56.05
-50.10 -58.74
-52.15 -61.79
-53.57 -64.89
-53.57 -68.11
-56.10 -71.12
-57.04 -74.26
-59.25 -77.29
-60.51 -80.41
-60.51 -83.63
-60.51 -86.86
-63.99 -89.55
-66.57 -92.62
-67.46 -95.79
-70.93 -98.49
-70.93 -101.71
-70.93 -104.94
-71.79 -108.03
-75.10 -110.79
-77.88 -113.78
-77.88 -117.00
-71.76 -117.97
-63.02 -117.97
-54.29 -117.97
-45.55 -117.97
-36.82 -117.97
-28.09 -117.97
-19.35 -117.97
-10.62 -117.97
-1.88 -117.97
6.85 -117.97
15.58 -117.97
24.24 -118.14
32.53 -119.16
41.22 -119.25
49.96 -119.25
58.69 -119.25
67.42 -119.25
76.16 -119.25
84.89 -119.25
93.63 -119.25
102.36 -119.25
111.09 -119.25
119.83 -119.25
128.56 -119.25
137.30 -119.25
146.03 -119.25
154.76 -119.25
