star
-22.46 124.28
-16.87 115.90
-11.56 107.10
-5.85 98.30
-1.12 88.67
4.24 79.48
9.51 70.21
14.77 60.93
19.80 51.57
24.97 42.46
29.89 32.89
35.05 23.52
40.03 14.01
45.27 4.88
50.20 -4.53
55.14 -14.05
60.31 -23.41
64.47 -33.56
69.21 -42.80
74.05 -51.09
77.63 -59.15
82.39 -66.58
85.97 -75.27
89.35 -84.06
89.73 -90.45
81.00 -88.86
72.28 -86.42
63.57 -83.91
55.03 -80.64
46.44 -77.58
37.78 -74.88
29.21 -72.04
20.72 -69.12
12.03 -66.50
3.78 -62.34
-4.75 -60.15
-12.76 -55.24
-20.73 -50.29
-29.16 -46.51
-37.02 -41.20
-45.30 -37.08
-53.36 -32.22
-61.41 -27.30
-69.87 -23.71
-77.64 -18.12
-85.93 -13.90
-93.83 -8.70
-101.80 -3.75
-109.91 0.04
-117.77 5.15
-126.27 8.57
-134.45 11.79
-142.44 15.91
-146.30 22.34
-137.79 24.58
-129.14 27.18
-120.41 28.76
-111.78 30.72
-103.05 32.95
-94.49 36.10
-85.73 38.36
-76.95 40.41
-68.15 41.71
-59.49 44.50
-50.85 47.34
-41.99 48.26
-33.26 50.63
-24.51 52.89
-15.64 53.73
-6.82 55.26
2.07 55.92
10.80 58.29
19.62 59.86
28.44 61.31
37.21 62.95
46.02 64.46
54.80 66.00
63.54 67.53
72.36 68.34
81.20 69.06
89.69 71.46
98.00 73.66
103.70 71.94
98.92 62.73
94.50 52.92
89.76 44.09
85.36 34.14
81.22 24.10
76.99 14.09
71.79 4.97
67.08 -4.76
61.92 -14.13
56.21 -22.93
51.17 -32.38
46.63 -41.38
41.07 -49.84
35.35 -58.59
30.28 -67.75
24.55 -75.94
20.77 -85.41
15.15 -94.18
10.37 -103.40
4.82 -112.23
0.10 -119.63
-5.68 -125.72
-9.36 -122.14
-11.74 -111.64
-13.70 -100.74
-15.31 -89.63
-16.51 -78.39
-17.70 -67.15
-18.89 -55.91
-20.08 -44.66
-21.27 -33.42
-22.46 -22.18
-23.65 -10.88
-23.65 0.62
-24.85 11.74
-26.04 22.99
-27.23 34.23
-28.42 45.47
-28.42 56.96
-28.42 68.45
-28.42 79.95
-29.61 90.80
-29.61 102.29
-28.42 113.42
-27.23 124.28
