zigzag
-139.91 28.46
-135.00 31.61
-130.71 37.84
-126.38 43.93
-121.92 49.68
-117.16 54.44
-112.39 59.15
-107.70 64.18
-103.04 69.28
-98.44 74.61
-93.85 79.94
-89.25 85.28
-84.66 90.61
-79.84 95.13
-74.95 99.35
-70.25 104.33
-65.56 109.33
-60.77 113.97
-56.21 119.37
-56.14 110.98
-58.33 101.54
-60.61 92.16
-62.72 82.63
-65.10 73.34
-67.67 64.25
-70.30 55.22
-72.69 45.94
-75.38 37.01
-78.49 28.57
-81.07 19.51
-83.48 10.25
-86.23 1.36
-88.52 -7.95
-88.52 -18.32
-83.73 -18.61
-78.99 -13.78
-74.33 -8.72
-69.31 -5.08
-64.32 -1.33
-59.34 2.52
-54.54 7.05
-49.95 12.39
-45.24 17.26
-40.16 20.54
-35.07 23.82
-30.22 28.18
-25.43 32.82
-20.55 37.03
-15.38 39.75
-10.22 42.53
-5.27 46.51
-0.33 50.50
4.66 54.30
9.67 57.94
14.86 60.56
19.98 63.51
25.04 66.83
29.58 69.84
27.62 60.23
25.63 50.60
22.45 42.26
19.69 33.37
16.74 24.72
13.88 15.96
10.86 7.43
7.43 -0.53
4.69 -9.43
1.46 -17.46
-2.23 -24.72
-5.26 -33.19
-8.19 -41.14
-3.55 -37.82
1.33 -33.76
6.12 -29.12
10.72 -23.78
15.88 -21.22
21.00 -18.48
25.36 -12.45
30.09 -7.89
35.23 -4.91
40.26 -1.41
45.19 2.65
50.42 4.90
55.63 7.29
60.78 10.14
65.96 12.79
70.95 16.53
72.85 9.84
70.25 1.56
68.03 -7.78
65.22 -16.56
62.51 -25.48
59.88 -34.43
56.09 -41.76
52.46 -49.38
48.97 -57.25
45.53 -65.20
42.12 -73.20
38.78 -81.29
35.43 -89.39
32.99 -98.38
32.00 -104.77
36.85 -101.83
41.40 -96.42
45.75 -90.47
49.99 -84.24
54.92 -80.16
59.91 -76.38
64.92 -72.71
69.85 -68.63
74.75 -64.47
79.65 -60.26
84.78 -57.44
90.02 -55.19
94.83 -50.70
99.71 -46.42
104.72 -43.13
110.08 -43.13
110.09 -51.70
108.22 -61.39
105.82 -70.67
103.82 -80.28
101.45 -89.58
99.51 -99.21
97.68 -108.96
95.97 -118.76
94.43 -128.68
93.41 -130.63
